-0.457949
0.499088
-0.232109
0.498445
-0.613788
-1.152050
-0.097168
0.661129
0.220480
-0.037890
-0.435645
-0.013756
0.219489
0.688564
-0.021040
0.438867
-0.160463
0.058329
-0.101619
0.412517
-0.784835
0.419702
-0.623196
0.615830
-0.611630
0.046372
0.624055
-0.683599
0.580193
-0.151680
-0.847961
0.529680
0.281066
-0.084359
0.086981
-0.617512
-0.181356
-0.728635
0.200210
0.489825
0.704517
-0.484020
0.453652
-0.460049
-0.594853
-0.324491
0.238117
0.090199
0.317107
-0.247450
0.461759
0.115851
-0.274389
-0.054114
0.144671
-0.371568
-0.495536
-0.750116
-0.027970
-0.829786
0.066826
-0.316952
0.098479
0.012513
-0.644755
-0.229537
0.489398
-1.084311
-0.106796
0.342653
-0.368921
0.270315
0.088114
0.451326
0.081036
0.649688
-0.223220
-0.026900
-0.074246
-0.223553
-0.009186
0.311126
-0.266034
-0.742558
-0.303039
-0.545633
-0.009579
0.157925
0.117381
0.415843
-0.437897
0.281709
0.668872
0.230427
0.171105
0.226686
0.189003
0.501222
-0.245054
-0.016630
